# Configuration Settings

#机械误差单位(1/16)rad  0.0625
JOINT_MECHANICAL_ERROR_UNIT: 0.0625

#机械误差测量值, 实际误差为：JOINT_MECHANICAL_ERROR × JOINT_MECHANICAL_ERROR_UNIT
JOINT_MECHANICAL_ERROR: [
    0.70, 1.41, 1.92, 0.31,
    0.52, 2.34, 3.01, 0.60,
    0.64, 1.83, 1.00, 0.94,
    0.30, 1.47, 1.63, 0.81,
    0.73, 2.51, 0.91, 1.09,
    1.39, 1.74, 1.98, 0.63
]

#24个关节 翻越步态N步(17)的差补比重，注意不同姿态下的补偿方向(正负号)  百分比
#########################################|S1||S2||S3||S4||S5||S6||S7||S8||S9||S10||S11||S12||S13||S14||S15||S16||S17||S18||S19||S20||S21||S22||S23||S24||S25||S26||S27||S28||S29||S30||S31||S32||S33||S34||S35|########
JOINT1_MECHANICAL_ERROR_BALANCE_RATE: [0,0,0,0,0,0,0,0,0,0,0,0,0,0,0,0,0,0,0,0,0,0,0,0,0,0,0,0,0,0,0,0,0,0,0,]
JOINT2_MECHANICAL_ERROR_BALANCE_RATE: [0.4,-0.5,-0.5,-0.5,0,0,0,0,1.5,0,0,0,0,0,0,1.5,0,0,0,0,0,0,0,1.5,0,0,0,0,0,1.5,0,0,0,0,0,]
JOINT3_MECHANICAL_ERROR_BALANCE_RATE: [0,0,0,0,0,0,0,0,1.5,0,0,0,0,0,0,2,0,0,0,0,0,0,-1,2,-1,-1.5,-1,-1,0,1.5,-1,-1,-1,-1.5,-1,]
JOINT4_MECHANICAL_ERROR_BALANCE_RATE: [0,0,0,0,0,0,0,0,1.5,0,0,0,0,0,-1,1.5,1,0,-0.5,-0.5,-0.5,0,-1,1,-1,-1,-1,-1,0,1,-1,-1,-1,-1,-1,]
JOINT5_MECHANICAL_ERROR_BALANCE_RATE: [0,0,0,0,0,0,0,0,0,0,0,0,0,0,0,0,0,0,0,0,0,0,0,0,0,0,0,0,0,0,0,0,0,0,0,]
JOINT6_MECHANICAL_ERROR_BALANCE_RATE: [-0.5,-0.5,-0.5,-0.5,0,0,0,0,-1,0,0,0,0,0,0.5,0,0,0,0,0,0,0,0.5,0,0,0,0,0,0,0,0,0,0,0,0,]
JOINT7_MECHANICAL_ERROR_BALANCE_RATE: [0,0,0,0,0,1,0,0,0,0,0,0,0,0,1,0,0,0,0,0,0,0,0.7,-1,-1,-1.5,-1,-1,0,-1,1,-1,-1,-1.5,-1,]
JOINT8_MECHANICAL_ERROR_BALANCE_RATE: [0,0,0,0,0,2,0,0,0,0,0,0,0,0,1,1,1,0,-0.5,-0.5,-0.5,0,1,-1,-1,-1,-1,-1,0,-1,1,-1,-1,-1,-1,]
JOINT9_MECHANICAL_ERROR_BALANCE_RATE: [0,0,0,0,0,0,0,0,0,0,0,0,0,0,0,0,0,0,0,0,0,0,0,0,0,0,0,0,0,0,0,0,0,0,0,]
JOINT10_MECHANICAL_ERROR_BALANCE_RATE: [-0.5,0.5,-0.5,-0.5,0,0,0,0,-1,1.2,0,0,0,0,0,0,1,0,0,0,0,0,0,0,1,0,0,0,0,0,0,1,0,0,0,]
JOINT11_MECHANICAL_ERROR_BALANCE_RATE: [0,0,0,0,0,0,0,0,1,2,0,0,0,0,0,0,2,0,0,0,0,0,-1,-1,1.5,-1.5,-1,-1,0,-1,-1,1.5,-1,-1.5,-1,]
JOINT12_MECHANICAL_ERROR_BALANCE_RATE: [0,0,0,0,0,0,0,0,0,1.3,0,0,0,0,-1,-1,1.2,0,-0.5,-0.5,-0.5,0,-1,-1,1,-1,-1,-1,0,-1,-1,1,-1,-1,-1,]
JOINT13_MECHANICAL_ERROR_BALANCE_RATE: [0,0,0,0,0,0,0,0,0,0,0,0,0,0,0,0,0,0,0,0,0,0,0,0,0,0,0,0,0,0,0,0,0,0,0,]
JOINT14_MECHANICAL_ERROR_BALANCE_RATE: [-0.5,-0.5,0.5,-0.5,0,0,0,0,-1,-1,-0.5,0,-0.5,0,-1,-1,-1,0,-0.5,0,-0.5,0,-0.8,-0.8,-0.8,-1.5,-1,0,0,0,0,0,0,0,0,]
JOINT15_MECHANICAL_ERROR_BALANCE_RATE: [0,0,0,0,0,0,0,0,1,1,0.5,0,0.5,0,1,1,1,0,0.5,0,0.5,0,0,0,0,0,0,1,0,1,1,1,-1.5,1.5,1,]
JOINT16_MECHANICAL_ERROR_BALANCE_RATE: [0,0,0,0,0,0,0,0,0,0,0,0.4,-0.5,0,0,0,0,0,0,0,0,0,0,0,0,0,-1.5,-1,0,-1,-1,-1,-1,-1,-1,]
JOINT17_MECHANICAL_ERROR_BALANCE_RATE: [0,0,0,0,0,0,0,0,0,0,0,0,0,0,0,0,0,0,0,0,0,0,0,0,0,0,0,0,0,0,0,0,0,0,0,]
JOINT18_MECHANICAL_ERROR_BALANCE_RATE: [-0.5,-0.5,-0.5,-0.5,0,0,0,0,-1,-1,0,-0.5,-0.5,0,-1,-1,-1,0,0,-0.5,-0.5,0,-1,-1,-1,0,0,0,0,0,0,0,0,0,0,]
JOINT19_MECHANICAL_ERROR_BALANCE_RATE: [0,0,0,0,0,0,0,0,1,1,0,0.5,0.5,0,1,1,1,0,0,0.5,0.5,0,0,0,0,0,1,1,0,1,1,1,1,-1.5,1,]
JOINT20_MECHANICAL_ERROR_BALANCE_RATE: [0,0,0,0,0,0,0,0,0,0,0.4,-0.5,-0.5,0,0,0,0,0,0.4,0,0,0,0,0,0,-2,-1,-1,0,-1,-1,-1,-1,-1,-1,]
JOINT21_MECHANICAL_ERROR_BALANCE_RATE: [0,0,0,0,0,0,0,0,0,0,0,0,0,0,0,0,0,0,0,0,0,0,0,0,0,0,0,0,0,0,0,0,0,0,0,]
JOINT22_MECHANICAL_ERROR_BALANCE_RATE: [-0.5,-0.5,-0.5,0.7,0,0,0,0,-1,-1,-0.5,-0.5,0,0,-1,-1,-1,0,-0.5,-0.5,0,0,-0.8,-0.8,-0.8,-1.5,-0.8,-1,0,0,0,0,0,0,0,]
JOINT23_MECHANICAL_ERROR_BALANCE_RATE: [0,0,0,0,0,0,0,0,1,1,0.5,0.5,0,0,1,1,1,0,0.5,0.5,0,0,0,0,0,0,0,0,0,1,1,1,1,1.5,-1.5,]
JOINT24_MECHANICAL_ERROR_BALANCE_RATE: [0,0,0,0,0,0,0,0,0,0,0,0,0.4,0,0,0,0,0,0,0,0,0,0,0,0,0,0,-1.5,0,-1,-1,-1,-1,-1,-1,]


MECLERR_BALANCE_LENGTH: 500





